8x8 GEMM Simulation Report
TCK_NS=4 ns, MAX_LATENCY_NS=8000000 ns, RESULT_CHECK_DELAY_NS=0 ns
-------------------------------------------------------------------------------
TEST 0 : Random Matrices and Expected Result
Matrix A (8x8):
37 151 175 133 255 123 90 204 
69 33 194 15 53 11 74 189 
118 41 92 157 202 230 133 198 
156 14 122 119 112 143 240 205 
46 42 96 90 87 242 165 157 
15 182 122 87 16 71 216 196 
116 161 58 177 107 241 181 116 
193 123 252 192 87 96 61 97 
Matrix B (8x8):
198 93 204 147 245 164 240 99 
192 179 229 183 246 45 132 145 
163 29 232 61 57 146 72 28 
15 154 37 206 70 156 225 191 
12 18 174 17 61 168 229 230 
108 177 182 11 59 8 61 6 
43 71 243 126 179 101 131 5 
206 173 252 73 212 30 98 150 
Expected Matrix C = A x B (8x8):
129076 124070 227682 103065 147666 118195 169017 146299 
95785 61112 144030 55249 94327 65601 79283 60889 
122358 133202 219837 99979 146905 114270 172796 128395 
124585 118710 223231 106132 158637 112940 160748 102187 
100787 111716 183445 75236 115778 75417 115432 76359 
116629 113008 193847 103452 146872 72986 111482 82494 
124980 146049 216233 122259 161459 104014 167376 114621 
139803 116512 204984 123106 147801 128386 167176 116111 
-------------------------------------------------------------------------------
TEST 0 : PASS | TCK_NS=4 ns | DONE_cycle=1232 | latency_ns=4928 | extra_delay_ns=0 | total_time_ns=4928
-------------------------------------------------------------------------------
TEST 1 : Random Matrices and Expected Result
Matrix A (8x8):
37 229 33 131 207 99 78 228 
35 207 219 95 231 58 120 242 
193 27 118 161 212 102 28 194 
199 10 89 164 37 204 215 159 
36 130 110 125 194 170 247 67 
80 109 127 95 77 241 218 50 
175 28 151 252 130 169 82 34 
237 166 102 225 149 78 1 83 
Matrix B (8x8):
255 50 197 193 144 231 183 151 
224 65 223 234 182 253 182 117 
51 175 188 151 97 89 235 101 
146 237 18 154 173 176 8 97 
83 114 199 8 227 179 98 143 
103 157 216 21 85 231 210 40 
59 147 51 243 67 139 148 81 
153 35 154 182 181 116 42 1 
Expected Matrix C = A x B (8x8):
148404 112144 168585 150069 174768 189689 119448 88527 
149585 137595 197823 179162 189601 196166 159046 106153 
144223 121300 164648 132129 165789 178158 123739 96695 
142563 138459 147995 165205 136404 187360 145428 87141 
120596 146585 157253 150565 148303 189097 151180 98497 
116889 136236 151850 142504 121732 179636 157603 85234 
133627 151316 145435 132639 144062 182951 136416 101422 
168830 126099 166265 152816 168702 199879 133969 111927 
-------------------------------------------------------------------------------
TEST 1 : PASS | TCK_NS=4 ns | DONE_cycle=1232 | latency_ns=4928 | extra_delay_ns=0 | total_time_ns=4928
-------------------------------------------------------------------------------
TEST 2 : Random Matrices and Expected Result
Matrix A (8x8):
37 51 147 130 159 75 67 252 
0 124 245 174 154 106 166 38 
13 13 144 166 223 229 179 190 
242 6 57 209 219 9 191 114 
26 217 124 160 46 98 73 233 
145 36 132 103 139 156 220 161 
234 151 245 70 153 97 239 209 
25 209 207 3 211 60 196 69 
Matrix B (8x8):
56 8 191 238 43 42 126 203 
1 206 216 30 117 206 233 89 
195 65 144 240 136 31 143 175 
21 65 254 102 21 197 47 2 
154 211 224 255 137 190 222 57 
98 137 249 31 111 199 102 73 
76 223 114 105 210 177 165 156 
99 152 56 34 151 202 242 109 
Expected Matrix C = A x B (8x8):
95394 125876 148312 117349 112510 150125 158663 90493 
102035 142589 188202 141546 124944 154829 153691 100813 
121505 170155 206210 144195 147400 198394 181440 107390 
89472 127825 188267 172829 111575 154576 158503 115415 
74516 138197 166410 89133 114424 169387 167728 93172 
105412 148084 184717 146631 137432 166805 172407 127125 
134423 184090 227745 200385 175996 195213 236865 179823 
102138 163841 168901 140797 140889 151772 183589 114411 
-------------------------------------------------------------------------------
TEST 2 : PASS | TCK_NS=4 ns | DONE_cycle=1232 | latency_ns=4928 | extra_delay_ns=0 | total_time_ns=4928
-------------------------------------------------------------------------------
SUMMARY: PASS=3, FAIL=0
